tree:

#P#########
#..#.......
#..#..#####
#.....#...#
#.........#
###########
Open: (1, 1), 
Closed: (0, 1), 
visited: 1


#.#########
#P.#.......
#..#..#####
#.....#...#
#.........#
###########
Open: (1, 2), (2, 1), 
Closed: (0, 1), (1, 1), 
visited: 2


#.#########
#.P#.......
#..#..#####
#.....#...#
#.........#
###########
Open: (2, 1), (2, 2), 
Closed: (0, 1), (1, 1), (1, 2), 
visited: 3


#.#########
#..#.......
#P.#..#####
#.....#...#
#.........#
###########
Open: (2, 2), (3, 1), 
Closed: (0, 1), (1, 1), (1, 2), (2, 1), 
visited: 4


#.#########
#..#.......
#.P#..#####
#.....#...#
#.........#
###########
Open: (3, 1), (3, 2), 
Closed: (0, 1), (1, 1), (1, 2), (2, 1), (2, 2), 
visited: 5


#.#########
#..#.......
#..#..#####
#P....#...#
#.........#
###########
Open: (3, 2), (4, 1), 
Closed: (0, 1), (1, 1), (1, 2), (2, 1), (2, 2), (3, 1), 
visited: 6


#.#########
#..#.......
#..#..#####
#.P...#...#
#.........#
###########
Open: (4, 1), (3, 3), (4, 2), 
Closed: (0, 1), (1, 1), (1, 2), (2, 1), (2, 2), (3, 1), (3, 2), 
visited: 7


#.#########
#..#.......
#..#..#####
#.....#...#
#P........#
###########
Open: (3, 3), (4, 2), 
Closed: (0, 1), (1, 1), (1, 2), (2, 1), (2, 2), (3, 1), (3, 2), (4, 1), 
visited: 8


#.#########
#..#.......
#..#..#####
#..P..#...#
#.........#
###########
Open: (4, 2), (3, 4), (4, 3), 
Closed: (0, 1), (1, 1), (1, 2), (2, 1), (2, 2), (3, 1), (3, 2), (4, 1), (3, 3), 
visited: 9


#.#########
#..#.......
#..#..#####
#.....#...#
#.P.......#
###########
Open: (3, 4), (4, 3), 
Closed: (0, 1), (1, 1), (1, 2), (2, 1), (2, 2), (3, 1), (3, 2), (4, 1), (3, 3), (4, 2), 
visited: 10


#.#########
#..#.......
#..#..#####
#...P.#...#
#.........#
###########
Open: (4, 3), (3, 5), (4, 4), (2, 4), 
Closed: (0, 1), (1, 1), (1, 2), (2, 1), (2, 2), (3, 1), (3, 2), (4, 1), (3, 3), (4, 2), (3, 4), 
visited: 11


#.#########
#..#.......
#..#..#####
#.....#...#
#..P......#
###########
Open: (3, 5), (4, 4), (2, 4), 
Closed: (0, 1), (1, 1), (1, 2), (2, 1), (2, 2), (3, 1), (3, 2), (4, 1), (3, 3), (4, 2), (3, 4), (4, 3), 
visited: 12


#.#########
#..#.......
#..#..#####
#....P#...#
#.........#
###########
Open: (4, 4), (2, 4), (4, 5), (2, 5), 
Closed: (0, 1), (1, 1), (1, 2), (2, 1), (2, 2), (3, 1), (3, 2), (4, 1), (3, 3), (4, 2), (3, 4), (4, 3), (3, 5), 
visited: 13


#.#########
#..#.......
#..#..#####
#.....#...#
#...P.....#
###########
Open: (2, 4), (4, 5), (2, 5), 
Closed: (0, 1), (1, 1), (1, 2), (2, 1), (2, 2), (3, 1), (3, 2), (4, 1), (3, 3), (4, 2), (3, 4), (4, 3), (3, 5), (4, 4), 
visited: 14


#.#########
#..#.......
#..#P.#####
#.....#...#
#.........#
###########
Open: (4, 5), (2, 5), (1, 4), 
Closed: (0, 1), (1, 1), (1, 2), (2, 1), (2, 2), (3, 1), (3, 2), (4, 1), (3, 3), (4, 2), (3, 4), (4, 3), (3, 5), (4, 4), (2, 4), 
visited: 15


#.#########
#..#.......
#..#..#####
#.....#...#
#....P....#
###########
Open: (2, 5), (1, 4), (4, 6), 
Closed: (0, 1), (1, 1), (1, 2), (2, 1), (2, 2), (3, 1), (3, 2), (4, 1), (3, 3), (4, 2), (3, 4), (4, 3), (3, 5), (4, 4), (2, 4), (4, 5), 
visited: 16


#.#########
#..#.......
#..#.P#####
#.....#...#
#.........#
###########
Open: (1, 4), (4, 6), (1, 5), 
Closed: (0, 1), (1, 1), (1, 2), (2, 1), (2, 2), (3, 1), (3, 2), (4, 1), (3, 3), (4, 2), (3, 4), (4, 3), (3, 5), (4, 4), (2, 4), (4, 5), (2, 5), 
visited: 17


#.#########
#..#P......
#..#..#####
#.....#...#
#.........#
###########
Open: (4, 6), (1, 5), 
Closed: (0, 1), (1, 1), (1, 2), (2, 1), (2, 2), (3, 1), (3, 2), (4, 1), (3, 3), (4, 2), (3, 4), (4, 3), (3, 5), (4, 4), (2, 4), (4, 5), (2, 5), (1, 4), 
visited: 18


#.#########
#..#.......
#..#..#####
#.....#...#
#.....P...#
###########
Open: (1, 5), (4, 7), 
Closed: (0, 1), (1, 1), (1, 2), (2, 1), (2, 2), (3, 1), (3, 2), (4, 1), (3, 3), (4, 2), (3, 4), (4, 3), (3, 5), (4, 4), (2, 4), (4, 5), (2, 5), (1, 4), (4, 6), 
visited: 19


#.#########
#..#.P.....
#..#..#####
#.....#...#
#.........#
###########
Open: (4, 7), (1, 6), 
Closed: (0, 1), (1, 1), (1, 2), (2, 1), (2, 2), (3, 1), (3, 2), (4, 1), (3, 3), (4, 2), (3, 4), (4, 3), (3, 5), (4, 4), (2, 4), (4, 5), (2, 5), (1, 4), (4, 6), (1, 5), 
visited: 20


#.#########
#..#.......
#..#..#####
#.....#...#
#......P..#
###########
Open: (1, 6), (4, 8), (3, 7), 
Closed: (0, 1), (1, 1), (1, 2), (2, 1), (2, 2), (3, 1), (3, 2), (4, 1), (3, 3), (4, 2), (3, 4), (4, 3), (3, 5), (4, 4), (2, 4), (4, 5), (2, 5), (1, 4), (4, 6), (1, 5), (4, 7), 
visited: 21


#.#########
#..#..P....
#..#..#####
#.....#...#
#.........#
###########
Open: (4, 8), (3, 7), (1, 7), 
Closed: (0, 1), (1, 1), (1, 2), (2, 1), (2, 2), (3, 1), (3, 2), (4, 1), (3, 3), (4, 2), (3, 4), (4, 3), (3, 5), (4, 4), (2, 4), (4, 5), (2, 5), (1, 4), (4, 6), (1, 5), (4, 7), (1, 6), 
visited: 22


#.#########
#..#.......
#..#..#####
#.....#...#
#.......P.#
###########
Open: (3, 7), (1, 7), (4, 9), (3, 8), 
Closed: (0, 1), (1, 1), (1, 2), (2, 1), (2, 2), (3, 1), (3, 2), (4, 1), (3, 3), (4, 2), (3, 4), (4, 3), (3, 5), (4, 4), (2, 4), (4, 5), (2, 5), (1, 4), (4, 6), (1, 5), (4, 7), (1, 6), (4, 8), 
visited: 23


#.#########
#..#.......
#..#..#####
#.....#P..#
#.........#
###########
Open: (1, 7), (4, 9), (3, 8), 
Closed: (0, 1), (1, 1), (1, 2), (2, 1), (2, 2), (3, 1), (3, 2), (4, 1), (3, 3), (4, 2), (3, 4), (4, 3), (3, 5), (4, 4), (2, 4), (4, 5), (2, 5), (1, 4), (4, 6), (1, 5), (4, 7), (1, 6), (4, 8), (3, 7), 
visited: 24


#.#########
#..#...P...
#..#..#####
#.....#...#
#.........#
###########
Open: (4, 9), (3, 8), (1, 8), 
Closed: (0, 1), (1, 1), (1, 2), (2, 1), (2, 2), (3, 1), (3, 2), (4, 1), (3, 3), (4, 2), (3, 4), (4, 3), (3, 5), (4, 4), (2, 4), (4, 5), (2, 5), (1, 4), (4, 6), (1, 5), (4, 7), (1, 6), (4, 8), (3, 7), (1, 7), 
visited: 25


#.#########
#..#.......
#..#..#####
#.....#...#
#........P#
###########
Open: (3, 8), (1, 8), (3, 9), 
Closed: (0, 1), (1, 1), (1, 2), (2, 1), (2, 2), (3, 1), (3, 2), (4, 1), (3, 3), (4, 2), (3, 4), (4, 3), (3, 5), (4, 4), (2, 4), (4, 5), (2, 5), (1, 4), (4, 6), (1, 5), (4, 7), (1, 6), (4, 8), (3, 7), (1, 7), (4, 9), 
visited: 26


#.#########
#..#.......
#..#..#####
#.....#.P.#
#.........#
###########
Open: (1, 8), (3, 9), 
Closed: (0, 1), (1, 1), (1, 2), (2, 1), (2, 2), (3, 1), (3, 2), (4, 1), (3, 3), (4, 2), (3, 4), (4, 3), (3, 5), (4, 4), (2, 4), (4, 5), (2, 5), (1, 4), (4, 6), (1, 5), (4, 7), (1, 6), (4, 8), (3, 7), (1, 7), (4, 9), (3, 8), 
visited: 27


#.#########
#..#....P..
#..#..#####
#.....#...#
#.........#
###########
Open: (3, 9), (1, 9), 
Closed: (0, 1), (1, 1), (1, 2), (2, 1), (2, 2), (3, 1), (3, 2), (4, 1), (3, 3), (4, 2), (3, 4), (4, 3), (3, 5), (4, 4), (2, 4), (4, 5), (2, 5), (1, 4), (4, 6), (1, 5), (4, 7), (1, 6), (4, 8), (3, 7), (1, 7), (4, 9), (3, 8), (1, 8), 
visited: 28


#.#########
#..#.......
#..#..#####
#.....#..P#
#.........#
###########
Open: (1, 9), 
Closed: (0, 1), (1, 1), (1, 2), (2, 1), (2, 2), (3, 1), (3, 2), (4, 1), (3, 3), (4, 2), (3, 4), (4, 3), (3, 5), (4, 4), (2, 4), (4, 5), (2, 5), (1, 4), (4, 6), (1, 5), (4, 7), (1, 6), (4, 8), (3, 7), (1, 7), (4, 9), (3, 8), (1, 8), (3, 9), 
visited: 29


#.#########
#..#.....P.
#..#..#####
#.....#...#
#.........#
###########
Open: (1, 10), 
Closed: (0, 1), (1, 1), (1, 2), (2, 1), (2, 2), (3, 1), (3, 2), (4, 1), (3, 3), (4, 2), (3, 4), (4, 3), (3, 5), (4, 4), (2, 4), (4, 5), (2, 5), (1, 4), (4, 6), (1, 5), (4, 7), (1, 6), (4, 8), (3, 7), (1, 7), (4, 9), (3, 8), (1, 8), (3, 9), (1, 9), 
visited: 30


#.#########
#..#......P
#..#..#####
#.....#...#
#.........#
###########
Open: 
Closed: (0, 1), (1, 1), (1, 2), (2, 1), (2, 2), (3, 1), (3, 2), (4, 1), (3, 3), (4, 2), (3, 4), (4, 3), (3, 5), (4, 4), (2, 4), (4, 5), (2, 5), (1, 4), (4, 6), (1, 5), (4, 7), (1, 6), (4, 8), (3, 7), (1, 7), (4, 9), (3, 8), (1, 8), (3, 9), (1, 9), (1, 10), 
visited: 31




REACHED

path:

#P#########
#..#.......
#..#..#####
#.....#...#
#.........#
###########


#.#########
#P.#.......
#..#..#####
#.....#...#
#.........#
###########


#.#########
#.P#.......
#..#..#####
#.....#...#
#.........#
###########


#.#########
#..#.......
#.P#..#####
#.....#...#
#.........#
###########


#.#########
#..#.......
#..#..#####
#.P...#...#
#.........#
###########


#.#########
#..#.......
#..#..#####
#..P..#...#
#.........#
###########


#.#########
#..#.......
#..#..#####
#...P.#...#
#.........#
###########


#.#########
#..#.......
#..#..#####
#....P#...#
#.........#
###########


#.#########
#..#.......
#..#.P#####
#.....#...#
#.........#
###########


#.#########
#..#.P.....
#..#..#####
#.....#...#
#.........#
###########


#.#########
#..#..P....
#..#..#####
#.....#...#
#.........#
###########


#.#########
#..#...P...
#..#..#####
#.....#...#
#.........#
###########


#.#########
#..#....P..
#..#..#####
#.....#...#
#.........#
###########


#.#########
#..#.....P.
#..#..#####
#.....#...#
#.........#
###########


#.#########
#..#......P
#..#..#####
#.....#...#
#.........#
###########


cost: 15

